county,county_fips,annual_avg_2023,annual_avg_2022,annual_avg_2021,annual_avg_2020,annual_avg_2019,annual_avg_2018,annual_avg_2017,annual_avg_2016,annual_avg_2015
Aitkin,27001,359,320,377,619,457,415,453,493,461
Anoka,27003,5511,4992,7272,12962,6220,5637,6635,7146,7031
Becker,27005,582,545,681,1202,753,684,786,848,824
Beltrami,27007,879,782,976,1600,1057,1021,1169,1235,1181
Benton,27009,788,707,995,1489,871,784,893,961,982
Big Stone,27011,81,75,92,122,105,98,115,130,122
Blue Earth,27013,946,864,1324,2221,1146,1044,1184,1270,1189
Brown,27015,408,356,457,745,528,502,541,608,612
Carlton,27017,650,603,757,1306,811,754,851,940,885
Carver,27019,1462,1217,1741,3128,1669,1477,1702,1856,1791
Cass,27021,657,589,755,1333,808,758,867,967,961
Chippewa,27023,182,150,210,351,272,226,279,315,312
Chisago,27025,1001,878,1190,2034,1157,1030,1186,1259,1228
Clay,27027,789,772,1079,1600,1118,1055,1164,1223,1129
Clearwater,27029,273,283,281,447,374,373,410,453,430
Cook,27031,105,96,141,252,136,108,121,141,142
Cottonwood,27033,293,179,239,305,223,214,302,396,283
Crow Wing,27035,1164,1032,1401,2383,1421,1309,1461,1622,1662
Dakota,27037,6215,5505,8225,15331,7137,6308,7324,7963,7854
Dodge,27039,341,301,400,661,409,365,400,429,437
Douglas,27041,573,481,643,1034,677,600,662,705,704
Faribault,27043,218,212,280,446,296,249,303,321,336
Fillmore,27045,326,284,367,605,388,368,406,464,476
Freeborn,27047,434,405,587,933,564,528,598,622,632
Goodhue,27049,714,654,917,1587,840,759,878,997,968
Grant,27051,105,91,129,181,149,136,136,154,161
Hennepin,27053,18281,16609,26133,47437,20029,18105,21507,22808,22773
Houston,27055,263,226,316,453,339,308,364,414,409
Hubbard,27057,442,405,444,717,547,506,559,636,599
Isanti,27059,827,695,951,1500,884,814,918,964,890
Itasca,27061,1001,932,1095,1923,1323,1214,1538,1882,1483
Jackson,27063,160,130,188,309,200,172,212,275,260
Kanabec,27065,470,411,510,747,541,504,558,585,595
Kandiyohi,27067,683,636,899,1209,870,750,820,919,920
Kittson,27069,68,60,71,113,88,70,89,110,117
Koochiching,27071,247,224,272,437,384,374,431,523,521
Lac qui Parle,27073,94,87,104,171,135,132,123,155,158
Lake,27075,206,253,207,392,202,178,215,345,276
Lake of the Woods,27077,83,74,95,152,104,94,113,115,111
Le Sueur,27079,631,540,703,1114,742,683,750,760,766
Lincoln,27081,93,83,112,142,125,101,109,123,121
Lyon,27083,363,342,420,656,471,433,485,539,503
Mahnomen,27087,109,104,143,292,111,110,120,138,143
Marshall,27089,228,205,235,362,322,323,385,411,406
Martin,27091,277,246,337,546,386,333,365,430,435
McLeod,27085,625,529,709,1121,728,629,750,872,813
Meeker,27093,438,379,483,714,524,472,543,595,573
Mille Lacs,27095,648,542,705,1114,713,637,718,759,749
Morrison,27097,784,724,826,1234,926,848,953,1003,984
Mower,27099,554,502,697,1065,627,569,588,648,669
Murray,27101,182,149,191,251,211,187,218,234,229
Nicollet,27103,461,395,611,1022,541,474,530,576,548
Nobles,27105,304,237,348,499,339,303,365,432,378
Norman,27107,113,107,135,213,159,149,162,164,164
Olmsted,27109,1964,1893,2784,5024,2332,2081,2374,2535,2507
Otter Tail,27111,1036,900,1138,1738,1332,1165,1270,1362,1338
Pennington,27113,284,280,344,542,403,378,504,521,476
Pine,27115,716,610,766,1283,842,745,867,867,842
Pipestone,27117,132,112,140,193,174,146,164,187,170
Polk,27119,475,453,657,939,672,635,724,744,742
Pope,27121,181,151,201,297,207,172,198,224,227
Ramsey,27123,7705,7337,11752,20417,8829,8002,9424,10169,10101
Red Lake,27125,84,80,92,146,119,118,151,168,140
Redwood,27127,221,191,274,435,286,281,318,341,331
Renville,27129,300,278,348,495,397,355,398,442,423
Rice,27131,980,924,1286,2013,1178,1054,1177,1265,1285
Rock,27133,110,96,120,183,131,135,125,137,128
Roseau,27135,229,194,251,461,309,273,402,422,350
Saint Louis,27137,3209,3123,4107,7393,4145,3885,4802,5868,5193
Scott,27139,2151,1816,2755,5060,2357,2143,2417,2592,2536
Sherburne,27141,1699,1457,1984,3295,1886,1692,1942,2061,2030
Sibley,27143,273,246,318,473,332,277,306,363,361
Stearns,27145,2517,2313,3482,5311,2937,2733,3093,3348,3261
Steele,27147,570,520,716,1138,681,625,702,754,725
Stevens,27149,128,112,135,179,149,133,148,169,164
Swift,27151,154,140,188,288,217,188,210,272,319
Todd,27153,495,413,538,750,606,542,540,608,583
Traverse,27155,49,39,54,79,65,59,64,66,78
Wabasha,27157,336,300,399,675,417,373,412,443,464
Wadena,27159,287,239,286,470,373,318,329,371,383
Waseca,27161,332,284,373,580,354,376,366,406,413
Washington,27163,3552,3135,4554,8280,4154,3687,4290,4629,4442
Watonwan,27165,191,158,211,314,268,232,285,320,300
Wilkin,27167,84,72,102,146,121,109,112,121,125
Winona,27169,669,586,860,1420,839,776,914,1037,1001
Wright,27171,2265,1882,2556,4329,2528,2306,2649,2817,2708
Yellow Medicine,27173,151,134,160,247,207,165,188,210,210
