county,county_fips,annual_avg_2023,annual_avg_2022,annual_avg_2021,annual_avg_2020,annual_avg_2019,annual_avg_2018,annual_avg_2017,annual_avg_2016,annual_avg_2015
Aitkin,27001,7514,7423,7416,7512,7321,7198,7210,7024,6893
Anoka,27003,199737,197907,195435,200992,199964,196929,196203,191787,190298
Becker,27005,19513,19334,19176,19022,18889,18631,18650,18547,18445
Beltrami,27007,25182,25010,24612,24996,24512,24190,23766,23662,23565
Benton,27009,21827,21567,21507,22172,22077,21866,21836,21764,21644
Big Stone,27011,2399,2395,2457,2553,2499,2505,2582,2702,2689
Blue Earth,27013,40911,40269,39746,40813,40852,40349,40207,39595,39466
Brown,27015,13991,13852,13757,14294,14447,14495,14446,14512,14655
Carlton,27017,17614,17540,17440,17810,17987,17854,17776,17731,17617
Carver,27019,59767,59102,58293,59771,59624,58350,57678,56292,55301
Cass,27021,14948,14754,15757,14534,14487,14308,14417,14150,14073
Chippewa,27023,6462,6460,6615,6796,6932,6888,6957,6963,6963
Chisago,27025,30171,29835,29501,30362,30417,29831,29617,29128,28805
Clay,27027,38044,37560,36981,36602,36298,35695,35826,35591,35623
Clearwater,27029,4550,4487,4392,4550,4493,4475,4625,4713,4644
Cook,27031,2901,2870,2964,3007,3136,3049,3122,3093,3162
Cottonwood,27033,6324,6647,6561,6370,5949,5812,5743,5530,5804
Crow Wing,27035,33916,33473,32875,32514,32432,32210,32366,31820,31582
Dakota,27037,243607,241305,238169,245102,244385,240631,239126,234941,232810
Dodge,27039,12051,11890,11903,12117,11950,11785,11753,11549,11480
Douglas,27041,21680,21538,21508,21395,21153,20628,20623,20218,20182
Faribault,27043,7098,7057,6988,7154,7062,6998,7173,7316,7521
Fillmore,27045,11580,11408,11451,11748,11580,11494,11465,11492,11432
Freeborn,27047,15921,15904,15806,16303,16183,16044,16220,16276,16383
Goodhue,27049,27017,26623,26549,26879,27138,26810,26970,26830,26942
Grant,27051,3259,3265,3280,3363,3328,3303,3296,3285,3355
Hennepin,27053,708159,701738,694964,715219,711926,703734,701697,685106,678387
Houston,27055,10479,10265,10396,10410,10445,10406,10504,10593,10509
Hubbard,27057,10253,10149,10243,10057,10038,9889,9868,9790,9583
Isanti,27059,21924,21643,21404,21969,21706,21231,21097,20661,20248
Itasca,27061,21759,21629,21752,22269,22061,21823,21850,22014,22367
Jackson,27063,5552,5423,5523,5830,5740,5720,5782,6094,6303
Kanabec,27065,9349,9181,9072,9162,9119,8957,9077,8987,8861
Kandiyohi,27067,23424,23290,23548,24766,24434,24758,24946,24175,24118
Kittson,27069,2243,2240,2276,2405,2383,2337,2377,2403,2479
Koochiching,27071,5766,5847,5736,5844,6013,5949,6003,6159,6276
Lac qui Parle,27073,3412,3391,3384,3534,3559,3524,3539,3617,3773
Lake,27075,5302,5349,5394,5362,5527,5483,5531,5414,5626
Lake of the Woods,27077,2377,2411,2420,2448,2460,2402,2395,2382,2429
Le Sueur,27079,16059,15845,15697,16197,16433,16095,15928,15550,15577
Lincoln,27081,3081,3025,3055,3148,3270,3264,3372,3380,3399
Lyon,27083,14255,14375,14339,14660,14589,14774,15034,15176,15319
Mahnomen,27087,2298,2225,2187,2218,2310,2326,2372,2388,2413
Marshall,27089,5431,5358,5309,5480,5433,5427,5503,5615,5761
Martin,27091,9785,9646,9673,10096,10104,10273,10459,10455,10473
McLeod,27085,19357,19274,19175,19417,19429,19544,19594,19765,20251
Meeker,27093,13908,13604,13237,13362,13416,13176,13303,13254,13373
Mille Lacs,27095,12817,12620,12516,12952,13047,12855,12789,12717,12650
Morrison,27097,17628,17239,17534,18022,17660,17568,17748,17856,17845
Mower,27099,21245,20724,20695,20951,20517,20409,20653,20506,20407
Murray,27101,4673,4642,4725,4877,4870,4884,4907,4953,5075
Nicollet,27103,21015,20653,20410,20943,21046,20806,20707,20343,20349
Nobles,27105,11092,11132,11345,11663,11271,11302,11392,11450,11552
Norman,27107,3193,3176,3198,3327,3270,3362,3412,3439,3450
Olmsted,27109,91858,90971,90913,91855,89628,87845,87102,85163,84080
Otter Tail,27111,31588,31422,31434,31709,31572,31395,31683,31275,31194
Pennington,27113,8688,8778,8723,8720,8752,8779,8837,9039,9102
Pine,27115,14643,14399,14272,14668,15135,14891,15058,14830,14825
Pipestone,27117,4683,4657,4585,4708,4938,4936,4880,4899,4988
Polk,27119,16254,16028,16054,16381,16778,16720,17072,17136,17208
Pope,27121,6491,6489,6494,6580,6559,6417,6388,6299,6403
Ramsey,27123,286615,284339,282082,290437,290485,288474,288172,282227,280242
Red Lake,27125,2163,2179,2192,2241,2237,2230,2262,2289,2336
Redwood,27127,7603,7579,7578,7807,7644,7620,7712,8315,8288
Renville,27129,8105,8134,8338,8535,8679,8726,8920,8411,8615
Rice,27131,37912,37488,37241,37506,37405,36946,36695,36083,35507
Rock,27133,5964,5997,5941,5866,5674,5702,5899,5907,5920
Roseau,27135,8140,7952,7933,7967,7879,7900,8178,8244,8623
Saint Louis,27137,100262,100065,99480,101615,102312,102051,103006,102556,102211
Scott,27139,84925,84028,82956,85210,84698,83258,82507,80660,79335
Sherburne,27141,53538,52941,52210,53542,53255,52223,51597,50664,49591
Sibley,27143,8159,8052,8011,8345,8523,8518,8451,8488,8530
Stearns,27145,90240,89288,88990,91692,91140,90161,90470,88889,88340
Steele,27147,19034,19175,20397,20653,21263,20489,20627,21176,21251
Stevens,27149,5442,5345,5330,5464,5474,5450,5531,5647,5721
Swift,27151,4933,4828,4778,4902,4925,5021,5072,5045,5186
Todd,27153,13786,13502,13463,13865,13617,13497,13561,12900,13040
Traverse,27155,1628,1635,1664,1764,1773,1777,1780,1705,1840
Wabasha,27157,12317,12145,12197,12501,12326,12227,12218,12007,12021
Wadena,27159,6079,6041,6029,6044,5966,5918,5859,6246,6346
Waseca,27161,8576,8615,8870,9184,9078,8986,9338,9461,9776
Washington,27163,145662,144287,142203,145910,145549,142780,141557,138733,137465
Watonwan,27165,6668,6528,6559,6693,6544,6530,6530,6573,6268
Wilkin,27167,3417,3386,3409,3485,3531,3525,3568,3718,3698
Winona,27169,28474,28278,28002,28402,28758,28732,29101,29250,29540
Wright,27171,77233,76309,75284,77121,77030,75416,74512,73060,72151
Yellow Medicine,27173,5031,5025,5083,5334,5382,5352,5376,5475,5589
