county,county_fips,annual_avg_2023,annual_avg_2022,annual_avg_2021,annual_avg_2020,annual_avg_2019,annual_avg_2018,annual_avg_2017,annual_avg_2016,annual_avg_2015
Aitkin,27001,7155,7103,7039,6893,6864,6783,6757,6531,6432
Anoka,27003,194226,192915,188163,188030,193744,191292,189568,184641,183267
Becker,27005,18931,18789,18495,17820,18136,17947,17864,17699,17621
Beltrami,27007,24303,24228,23636,23396,23455,23169,22597,22427,22384
Benton,27009,21039,20860,20512,20683,21206,21082,20943,20803,20662
Big Stone,27011,2318,2320,2365,2431,2394,2407,2467,2572,2567
Blue Earth,27013,39965,39405,38422,38592,39706,39305,39023,38325,38277
Brown,27015,13583,13496,13300,13549,13919,13993,13905,13904,14043
Carlton,27017,16964,16937,16683,16504,17176,17100,16925,16791,16732
Carver,27019,58305,57885,56552,56643,57955,56873,55976,54436,53510
Cass,27021,14291,14165,15002,13201,13679,13550,13550,13183,13112
Chippewa,27023,6280,6310,6405,6445,6660,6662,6678,6648,6651
Chisago,27025,29170,28957,28311,28328,29260,28801,28431,27869,27577
Clay,27027,37255,36788,35902,35002,35180,34640,34662,34368,34494
Clearwater,27029,4277,4204,4111,4103,4119,4102,4215,4260,4214
Cook,27031,2796,2774,2823,2755,3000,2941,3001,2952,3020
Cottonwood,27033,6031,6468,6322,6065,5726,5598,5441,5134,5521
Crow Wing,27035,32752,32441,31474,30131,31011,30901,30905,30198,29920
Dakota,27037,237392,235800,229944,229771,237248,234323,231802,226978,224956
Dodge,27039,11710,11589,11503,11456,11541,11420,11353,11120,11043
Douglas,27041,21107,21057,20865,20361,20476,20028,19961,19513,19478
Faribault,27043,6880,6845,6708,6708,6766,6749,6870,6995,7185
Fillmore,27045,11254,11124,11084,11143,11192,11126,11059,11028,10956
Freeborn,27047,15487,15499,15219,15370,15619,15516,15622,15654,15751
Goodhue,27049,26303,25969,25632,25292,26298,26051,26092,25833,25974
Grant,27051,3154,3174,3151,3182,3179,3167,3160,3131,3194
Hennepin,27053,689878,685129,668831,667782,691897,685629,680190,662298,655614
Houston,27055,10216,10039,10080,9957,10106,10098,10140,10179,10100
Hubbard,27057,9811,9744,9799,9340,9491,9383,9309,9154,8984
Isanti,27059,21097,20948,20453,20469,20822,20417,20179,19697,19358
Itasca,27061,20758,20697,20657,20346,20738,20609,20312,20132,20884
Jackson,27063,5392,5293,5335,5521,5540,5548,5570,5819,6043
Kanabec,27065,8879,8770,8562,8415,8578,8453,8519,8402,8266
Kandiyohi,27067,22741,22654,22649,23557,23564,24008,24126,23256,23198
Kittson,27069,2175,2180,2205,2292,2295,2267,2288,2293,2362
Koochiching,27071,5519,5623,5464,5407,5629,5575,5572,5636,5755
Lac qui Parle,27073,3318,3304,3280,3363,3424,3392,3416,3462,3615
Lake,27075,5096,5096,5187,4970,5325,5305,5316,5069,5350
Lake of the Woods,27077,2294,2337,2325,2296,2356,2308,2282,2267,2318
Le Sueur,27079,15428,15305,14994,15083,15691,15412,15178,14790,14811
Lincoln,27081,2988,2942,2943,3006,3145,3163,3263,3257,3278
Lyon,27083,13892,14033,13919,14004,14118,14341,14549,14637,14816
Mahnomen,27087,2189,2121,2044,1926,2199,2216,2252,2250,2270
Marshall,27089,5203,5153,5074,5118,5111,5104,5118,5204,5355
Martin,27091,9508,9400,9336,9550,9718,9940,10094,10025,10038
McLeod,27085,18732,18745,18466,18296,18701,18915,18844,18893,19438
Meeker,27093,13470,13225,12754,12648,12892,12704,12760,12659,12800
Mille Lacs,27095,12169,12078,11811,11838,12334,12218,12071,11958,11901
Morrison,27097,16844,16515,16708,16788,16734,16720,16795,16853,16861
Mower,27099,20691,20222,19998,19886,19890,19840,20065,19858,19738
Murray,27101,4491,4493,4534,4626,4659,4697,4689,4719,4846
Nicollet,27103,20554,20258,19799,19921,20505,20332,20177,19767,19801
Nobles,27105,10788,10895,10997,11164,10932,10999,11027,11018,11174
Norman,27107,3080,3069,3063,3114,3111,3213,3250,3275,3286
Olmsted,27109,89894,89078,88129,86831,87296,85764,84728,82628,81573
Otter Tail,27111,30552,30522,30296,29971,30240,30230,30413,29913,29856
Pennington,27113,8404,8498,8379,8178,8349,8401,8333,8518,8626
Pine,27115,13927,13789,13506,13385,14293,14146,14191,13963,13983
Pipestone,27117,4551,4545,4445,4515,4764,4790,4716,4712,4818
Polk,27119,15779,15575,15397,15442,16106,16085,16348,16392,16466
Pope,27121,6310,6338,6293,6283,6352,6245,6190,6075,6176
Ramsey,27123,278910,277002,270330,270020,281656,280472,278748,272058,270141
Red Lake,27125,2079,2099,2100,2095,2118,2112,2111,2121,2196
Redwood,27127,7382,7388,7304,7372,7358,7339,7394,7974,7957
Renville,27129,7805,7856,7990,8040,8282,8371,8522,7969,8192
Rice,27131,36932,36564,35955,35493,36227,35892,35518,34818,34222
Rock,27133,5854,5901,5821,5683,5543,5567,5774,5770,5792
Roseau,27135,7911,7758,7682,7506,7570,7627,7776,7822,8273
Saint Louis,27137,97053,96942,95373,94222,98167,98166,98204,96688,97018
Scott,27139,82774,82212,80201,80150,82341,81115,80090,78068,76799
Sherburne,27141,51839,51484,50226,50247,51369,50531,49655,48603,47561
Sibley,27143,7886,7806,7693,7872,8191,8241,8145,8125,8169
Stearns,27145,87723,86975,85508,86381,88203,87428,87377,85541,85079
Steele,27147,18464,18655,19681,19515,20582,19864,19925,20422,20526
Stevens,27149,5314,5233,5195,5285,5325,5317,5383,5478,5557
Swift,27151,4779,4688,4590,4614,4708,4833,4862,4773,4867
Todd,27153,13291,13089,12925,13115,13011,12955,13021,12292,12457
Traverse,27155,1579,1596,1610,1685,1708,1718,1716,1639,1762
Wabasha,27157,11981,11845,11798,11826,11909,11854,11806,11564,11557
Wadena,27159,5792,5802,5743,5574,5593,5600,5530,5875,5963
Waseca,27161,8244,8331,8497,8604,8724,8610,8972,9055,9363
Washington,27163,142110,141152,137649,137630,141395,139093,137267,134104,133023
Watonwan,27165,6477,6370,6348,6379,6276,6298,6245,6253,5968
Wilkin,27167,3333,3314,3307,3339,3410,3416,3456,3597,3573
Winona,27169,27805,27692,27142,26982,27919,27956,28187,28213,28539
Wright,27171,74968,74427,72728,72792,74502,73110,71863,70243,69443
Yellow Medicine,27173,4880,4891,4923,5087,5175,5187,5188,5265,5379
