county,fips,year,ann_unemployment_rate,ann_labor_force_ct,ann_unemployment_ct,ann_employment_ct
Minnesota,27000,2023,2.81,3099931,87220,3012711
Aitkin,27001,2023,4.8,7514,359,7155
Anoka,27003,2023,2.8,199737,5511,194226
Becker,27005,2023,3,19513,582,18931
Beltrami,27007,2023,3.5,25182,879,24303
Benton,27009,2023,3.6,21827,788,21039
Big Stone,27011,2023,3.4,2399,81,2318
Blue Earth,27013,2023,2.3,40911,946,39965
Brown,27015,2023,2.9,13991,408,13583
Carlton,27017,2023,3.7,17614,650,16964
Carver,27019,2023,2.4,59767,1462,58305
Cass,27021,2023,4.4,14948,657,14291
Chippewa,27023,2023,2.8,6462,182,6280
Chisago,27025,2023,3.3,30171,1001,29170
Clay,27027,2023,2.1,38044,789,37255
Clearwater,27029,2023,6,4550,273,4277
Cook,27031,2023,3.6,2901,105,2796
Cottonwood,27033,2023,4.6,6324,293,6031
Crow Wing,27035,2023,3.4,33916,1164,32752
Dakota,27037,2023,2.6,243607,6215,237392
Dodge,27039,2023,2.8,12051,341,11710
Douglas,27041,2023,2.6,21680,573,21107
Faribault,27043,2023,3.1,7098,218,6880
Fillmore,27045,2023,2.8,11580,326,11254
Freeborn,27047,2023,2.7,15921,434,15487
Goodhue,27049,2023,2.6,27017,714,26303
Grant,27051,2023,3.2,3259,105,3154
Hennepin,27053,2023,2.6,708159,18281,689878
Houston,27055,2023,2.5,10479,263,10216
Hubbard,27057,2023,4.3,10253,442,9811
Isanti,27059,2023,3.8,21924,827,21097
Itasca,27061,2023,4.6,21759,1001,20758
Jackson,27063,2023,2.9,5552,160,5392
Kanabec,27065,2023,5,9349,470,8879
Kandiyohi,27067,2023,2.9,23424,683,22741
Kittson,27069,2023,3,2243,68,2175
Koochiching,27071,2023,4.3,5766,247,5519
Lac qui Parle,27073,2023,2.8,3412,94,3318
Lake,27075,2023,3.9,5302,206,5096
Lake of the Woods,27077,2023,3.5,2377,83,2294
Le Sueur,27079,2023,3.9,16059,631,15428
Lincoln,27081,2023,3,3081,93,2988
Lyon,27083,2023,2.5,14255,363,13892
Mahnomen,27087,2023,4.7,2298,109,2189
Marshall,27089,2023,4.2,5431,228,5203
Martin,27091,2023,2.8,9785,277,9508
McLeod,27085,2023,3.2,19357,625,18732
Meeker,27093,2023,3.1,13908,438,13470
Mille Lacs,27095,2023,5.1,12817,648,12169
Morrison,27097,2023,4.4,17628,784,16844
Mower,27099,2023,2.6,21245,554,20691
Murray,27101,2023,3.9,4673,182,4491
Nicollet,27103,2023,2.2,21015,461,20554
Nobles,27105,2023,2.7,11092,304,10788
Norman,27107,2023,3.5,3193,113,3080
Olmsted,27109,2023,2.1,91858,1964,89894
Otter Tail,27111,2023,3.3,31588,1036,30552
Pennington,27113,2023,3.3,8688,284,8404
Pine,27115,2023,4.9,14643,716,13927
Pipestone,27117,2023,2.8,4683,132,4551
Polk,27119,2023,2.9,16254,475,15779
Pope,27121,2023,2.8,6491,181,6310
Ramsey,27123,2023,2.7,286615,7705,278910
Red Lake,27125,2023,3.9,2163,84,2079
Redwood,27127,2023,2.9,7603,221,7382
Renville,27129,2023,3.7,8105,300,7805
Rice,27131,2023,2.6,37912,980,36932
Rock,27133,2023,1.8,5964,110,5854
Roseau,27135,2023,2.8,8140,229,7911
Saint Louis,27137,2023,3.2,100262,3209,97053
Scott,27139,2023,2.5,84925,2151,82774
Sherburne,27141,2023,3.2,53538,1699,51839
Sibley,27143,2023,3.3,8159,273,7886
Stearns,27145,2023,2.8,90240,2517,87723
Steele,27147,2023,3,19034,570,18464
Stevens,27149,2023,2.4,5442,128,5314
Swift,27151,2023,3.1,4933,154,4779
Todd,27153,2023,3.6,13786,495,13291
Traverse,27155,2023,3,1628,49,1579
Wabasha,27157,2023,2.7,12317,336,11981
Wadena,27159,2023,4.7,6079,287,5792
Waseca,27161,2023,3.9,8576,332,8244
Washington,27163,2023,2.4,145662,3552,142110
Watonwan,27165,2023,2.9,6668,191,6477
Wilkin,27167,2023,2.5,3417,84,3333
Winona,27169,2023,2.3,28474,669,27805
Wright,27171,2023,2.9,77233,2265,74968
Yellow Medicine,27173,2023,3,5031,151,4880
Minnesota,27000,2022,2.56,3071454,78667,2992787
Aitkin,27001,2022,4.3,7423,320,7103
Anoka,27003,2022,2.5,197907,4992,192915
Becker,27005,2022,2.8,19334,545,18789
Beltrami,27007,2022,3.1,25010,782,24228
Benton,27009,2022,3.3,21567,707,20860
Big Stone,27011,2022,3.1,2395,75,2320
Blue Earth,27013,2022,2.1,40269,864,39405
Brown,27015,2022,2.6,13852,356,13496
Carlton,27017,2022,3.4,17540,603,16937
Carver,27019,2022,2.1,59102,1217,57885
Cass,27021,2022,4,14754,589,14165
Chippewa,27023,2022,2.3,6460,150,6310
Chisago,27025,2022,2.9,29835,878,28957
Clay,27027,2022,2.1,37560,772,36788
Clearwater,27029,2022,6.3,4487,283,4204
Cook,27031,2022,3.3,2870,96,2774
Cottonwood,27033,2022,2.7,6647,179,6468
Crow Wing,27035,2022,3.1,33473,1032,32441
Dakota,27037,2022,2.3,241305,5505,235800
Dodge,27039,2022,2.5,11890,301,11589
Douglas,27041,2022,2.2,21538,481,21057
Faribault,27043,2022,3,7057,212,6845
Fillmore,27045,2022,2.5,11408,284,11124
Freeborn,27047,2022,2.5,15904,405,15499
Goodhue,27049,2022,2.5,26623,654,25969
Grant,27051,2022,2.8,3265,91,3174
Hennepin,27053,2022,2.4,701738,16609,685129
Houston,27055,2022,2.2,10265,226,10039
Hubbard,27057,2022,4,10149,405,9744
Isanti,27059,2022,3.2,21643,695,20948
Itasca,27061,2022,4.3,21629,932,20697
Jackson,27063,2022,2.4,5423,130,5293
Kanabec,27065,2022,4.5,9181,411,8770
Kandiyohi,27067,2022,2.7,23290,636,22654
Kittson,27069,2022,2.7,2240,60,2180
Koochiching,27071,2022,3.8,5847,224,5623
Lac qui Parle,27073,2022,2.6,3391,87,3304
Lake,27075,2022,4.7,5349,253,5096
Lake of the Woods,27077,2022,3.1,2411,74,2337
Le Sueur,27079,2022,3.4,15845,540,15305
Lincoln,27081,2022,2.7,3025,83,2942
Lyon,27083,2022,2.4,14375,342,14033
Mahnomen,27087,2022,4.7,2225,104,2121
Marshall,27089,2022,3.8,5358,205,5153
Martin,27091,2022,2.6,9646,246,9400
McLeod,27085,2022,2.7,19274,529,18745
Meeker,27093,2022,2.8,13604,379,13225
Mille Lacs,27095,2022,4.3,12620,542,12078
Morrison,27097,2022,4.2,17239,724,16515
Mower,27099,2022,2.4,20724,502,20222
Murray,27101,2022,3.2,4642,149,4493
Nicollet,27103,2022,1.9,20653,395,20258
Nobles,27105,2022,2.1,11132,237,10895
Norman,27107,2022,3.4,3176,107,3069
Olmsted,27109,2022,2.1,90971,1893,89078
Otter Tail,27111,2022,2.9,31422,900,30522
Pennington,27113,2022,3.2,8778,280,8498
Pine,27115,2022,4.2,14399,610,13789
Pipestone,27117,2022,2.4,4657,112,4545
Polk,27119,2022,2.8,16028,453,15575
Pope,27121,2022,2.3,6489,151,6338
Ramsey,27123,2022,2.6,284339,7337,277002
Red Lake,27125,2022,3.7,2179,80,2099
Redwood,27127,2022,2.5,7579,191,7388
Renville,27129,2022,3.4,8134,278,7856
Rice,27131,2022,2.5,37488,924,36564
Rock,27133,2022,1.6,5997,96,5901
Roseau,27135,2022,2.4,7952,194,7758
Saint Louis,27137,2022,3.1,100065,3123,96942
Scott,27139,2022,2.2,84028,1816,82212
Sherburne,27141,2022,2.8,52941,1457,51484
Sibley,27143,2022,3.1,8052,246,7806
Stearns,27145,2022,2.6,89288,2313,86975
Steele,27147,2022,2.7,19175,520,18655
Stevens,27149,2022,2.1,5345,112,5233
Swift,27151,2022,2.9,4828,140,4688
Todd,27153,2022,3.1,13502,413,13089
Traverse,27155,2022,2.4,1635,39,1596
Wabasha,27157,2022,2.5,12145,300,11845
Wadena,27159,2022,4,6041,239,5802
Waseca,27161,2022,3.3,8615,284,8331
Washington,27163,2022,2.2,144287,3135,141152
Watonwan,27165,2022,2.4,6528,158,6370
Wilkin,27167,2022,2.1,3386,72,3314
Winona,27169,2022,2.1,28278,586,27692
Wright,27171,2022,2.5,76309,1882,74427
Yellow Medicine,27173,2022,2.7,5025,134,4891
Minnesota,27000,2021,3.72,3049041,113387,2935654
Aitkin,27001,2021,5.1,7416,377,7039
Anoka,27003,2021,3.7,195435,7272,188163
Becker,27005,2021,3.6,19176,681,18495
Beltrami,27007,2021,4,24612,976,23636
Benton,27009,2021,4.6,21507,995,20512
Big Stone,27011,2021,3.7,2457,92,2365
Blue Earth,27013,2021,3.3,39746,1324,38422
Brown,27015,2021,3.3,13757,457,13300
Carlton,27017,2021,4.3,17440,757,16683
Carver,27019,2021,3,58293,1741,56552
Cass,27021,2021,4.8,15757,755,15002
Chippewa,27023,2021,3.2,6615,210,6405
Chisago,27025,2021,4,29501,1190,28311
Clay,27027,2021,2.9,36981,1079,35902
Clearwater,27029,2021,6.4,4392,281,4111
Cook,27031,2021,4.8,2964,141,2823
Cottonwood,27033,2021,3.6,6561,239,6322
Crow Wing,27035,2021,4.3,32875,1401,31474
Dakota,27037,2021,3.5,238169,8225,229944
Dodge,27039,2021,3.4,11903,400,11503
Douglas,27041,2021,3,21508,643,20865
Faribault,27043,2021,4,6988,280,6708
Fillmore,27045,2021,3.2,11451,367,11084
Freeborn,27047,2021,3.7,15806,587,15219
Goodhue,27049,2021,3.5,26549,917,25632
Grant,27051,2021,3.9,3280,129,3151
Hennepin,27053,2021,3.8,694964,26133,668831
Houston,27055,2021,3,10396,316,10080
Hubbard,27057,2021,4.3,10243,444,9799
Isanti,27059,2021,4.4,21404,951,20453
Itasca,27061,2021,5,21752,1095,20657
Jackson,27063,2021,3.4,5523,188,5335
Kanabec,27065,2021,5.6,9072,510,8562
Kandiyohi,27067,2021,3.8,23548,899,22649
Kittson,27069,2021,3.1,2276,71,2205
Koochiching,27071,2021,4.7,5736,272,5464
Lac qui Parle,27073,2021,3.1,3384,104,3280
Lake,27075,2021,3.8,5394,207,5187
Lake of the Woods,27077,2021,3.9,2420,95,2325
Le Sueur,27079,2021,4.5,15697,703,14994
Lincoln,27081,2021,3.7,3055,112,2943
Lyon,27083,2021,2.9,14339,420,13919
Mahnomen,27087,2021,6.5,2187,143,2044
Marshall,27089,2021,4.4,5309,235,5074
Martin,27091,2021,3.5,9673,337,9336
McLeod,27085,2021,3.7,19175,709,18466
Meeker,27093,2021,3.6,13237,483,12754
Mille Lacs,27095,2021,5.6,12516,705,11811
Morrison,27097,2021,4.7,17534,826,16708
Mower,27099,2021,3.4,20695,697,19998
Murray,27101,2021,4,4725,191,4534
Nicollet,27103,2021,3,20410,611,19799
Nobles,27105,2021,3.1,11345,348,10997
Norman,27107,2021,4.2,3198,135,3063
Olmsted,27109,2021,3.1,90913,2784,88129
Otter Tail,27111,2021,3.6,31434,1138,30296
Pennington,27113,2021,3.9,8723,344,8379
Pine,27115,2021,5.4,14272,766,13506
Pipestone,27117,2021,3.1,4585,140,4445
Polk,27119,2021,4.1,16054,657,15397
Pope,27121,2021,3.1,6494,201,6293
Ramsey,27123,2021,4.2,282082,11752,270330
Red Lake,27125,2021,4.2,2192,92,2100
Redwood,27127,2021,3.6,7578,274,7304
Renville,27129,2021,4.2,8338,348,7990
Rice,27131,2021,3.5,37241,1286,35955
Rock,27133,2021,2,5941,120,5821
Roseau,27135,2021,3.2,7933,251,7682
Saint Louis,27137,2021,4.1,99480,4107,95373
Scott,27139,2021,3.3,82956,2755,80201
Sherburne,27141,2021,3.8,52210,1984,50226
Sibley,27143,2021,4,8011,318,7693
Stearns,27145,2021,3.9,88990,3482,85508
Steele,27147,2021,3.5,20397,716,19681
Stevens,27149,2021,2.5,5330,135,5195
Swift,27151,2021,3.9,4778,188,4590
Todd,27153,2021,4,13463,538,12925
Traverse,27155,2021,3.2,1664,54,1610
Wabasha,27157,2021,3.3,12197,399,11798
Wadena,27159,2021,4.7,6029,286,5743
Waseca,27161,2021,4.2,8870,373,8497
Washington,27163,2021,3.2,142203,4554,137649
Watonwan,27165,2021,3.2,6559,211,6348
Wilkin,27167,2021,3,3409,102,3307
Winona,27169,2021,3.1,28002,860,27142
Wright,27171,2021,3.4,75284,2556,72728
Yellow Medicine,27173,2021,3.1,5083,160,4923
Minnesota,27000,2020,6.26,3122025,195375,2926650
Aitkin,27001,2020,8.2,7512,619,6893
Anoka,27003,2020,6.4,200992,12962,188030
Becker,27005,2020,6.3,19022,1202,17820
Beltrami,27007,2020,6.4,24996,1600,23396
Benton,27009,2020,6.7,22172,1489,20683
Big Stone,27011,2020,4.8,2553,122,2431
Blue Earth,27013,2020,5.4,40813,2221,38592
Brown,27015,2020,5.2,14294,745,13549
Carlton,27017,2020,7.3,17810,1306,16504
Carver,27019,2020,5.2,59771,3128,56643
Cass,27021,2020,9.2,14534,1333,13201
Chippewa,27023,2020,5.2,6796,351,6445
Chisago,27025,2020,6.7,30362,2034,28328
Clay,27027,2020,4.4,36602,1600,35002
Clearwater,27029,2020,9.8,4550,447,4103
Cook,27031,2020,8.4,3007,252,2755
Cottonwood,27033,2020,4.8,6370,305,6065
Crow Wing,27035,2020,7.3,32514,2383,30131
Dakota,27037,2020,6.3,245102,15331,229771
Dodge,27039,2020,5.5,12117,661,11456
Douglas,27041,2020,4.8,21395,1034,20361
Faribault,27043,2020,6.2,7154,446,6708
Fillmore,27045,2020,5.1,11748,605,11143
Freeborn,27047,2020,5.7,16303,933,15370
Goodhue,27049,2020,5.9,26879,1587,25292
Grant,27051,2020,5.4,3363,181,3182
Hennepin,27053,2020,6.6,715219,47437,667782
Houston,27055,2020,4.4,10410,453,9957
Hubbard,27057,2020,7.1,10057,717,9340
Isanti,27059,2020,6.8,21969,1500,20469
Itasca,27061,2020,8.6,22269,1923,20346
Jackson,27063,2020,5.3,5830,309,5521
Kanabec,27065,2020,8.2,9162,747,8415
Kandiyohi,27067,2020,4.9,24766,1209,23557
Kittson,27069,2020,4.7,2405,113,2292
Koochiching,27071,2020,7.5,5844,437,5407
Lac qui Parle,27073,2020,4.8,3534,171,3363
Lake,27075,2020,7.3,5362,392,4970
Lake of the Woods,27077,2020,6.2,2448,152,2296
Le Sueur,27079,2020,6.9,16197,1114,15083
Lincoln,27081,2020,4.5,3148,142,3006
Lyon,27083,2020,4.5,14660,656,14004
Mahnomen,27087,2020,13.2,2218,292,1926
Marshall,27089,2020,6.6,5480,362,5118
Martin,27091,2020,5.4,10096,546,9550
McLeod,27085,2020,5.8,19417,1121,18296
Meeker,27093,2020,5.3,13362,714,12648
Mille Lacs,27095,2020,8.6,12952,1114,11838
Morrison,27097,2020,6.8,18022,1234,16788
Mower,27099,2020,5.1,20951,1065,19886
Murray,27101,2020,5.1,4877,251,4626
Nicollet,27103,2020,4.9,20943,1022,19921
Nobles,27105,2020,4.3,11663,499,11164
Norman,27107,2020,6.4,3327,213,3114
Olmsted,27109,2020,5.5,91855,5024,86831
Otter Tail,27111,2020,5.5,31709,1738,29971
Pennington,27113,2020,6.2,8720,542,8178
Pine,27115,2020,8.7,14668,1283,13385
Pipestone,27117,2020,4.1,4708,193,4515
Polk,27119,2020,5.7,16381,939,15442
Pope,27121,2020,4.5,6580,297,6283
Ramsey,27123,2020,7,290437,20417,270020
Red Lake,27125,2020,6.5,2241,146,2095
Redwood,27127,2020,5.6,7807,435,7372
Renville,27129,2020,5.8,8535,495,8040
Rice,27131,2020,5.4,37506,2013,35493
Rock,27133,2020,3.1,5866,183,5683
Roseau,27135,2020,5.8,7967,461,7506
Saint Louis,27137,2020,7.3,101615,7393,94222
Scott,27139,2020,5.9,85210,5060,80150
Sherburne,27141,2020,6.2,53542,3295,50247
Sibley,27143,2020,5.7,8345,473,7872
Stearns,27145,2020,5.8,91692,5311,86381
Steele,27147,2020,5.5,20653,1138,19515
Stevens,27149,2020,3.3,5464,179,5285
Swift,27151,2020,5.9,4902,288,4614
Todd,27153,2020,5.4,13865,750,13115
Traverse,27155,2020,4.5,1764,79,1685
Wabasha,27157,2020,5.4,12501,675,11826
Wadena,27159,2020,7.8,6044,470,5574
Waseca,27161,2020,6.3,9184,580,8604
Washington,27163,2020,5.7,145910,8280,137630
Watonwan,27165,2020,4.7,6693,314,6379
Wilkin,27167,2020,4.2,3485,146,3339
Winona,27169,2020,5,28402,1420,26982
Wright,27171,2020,5.6,77121,4329,72792
Yellow Medicine,27173,2020,4.6,5334,247,5087
Minnesota,27000,2019,3.28,3111680,102004,3009676
Aitkin,27001,2019,6.2,7321,457,6864
Anoka,27003,2019,3.1,199964,6220,193744
Becker,27005,2019,4,18889,753,18136
Beltrami,27007,2019,4.3,24512,1057,23455
Benton,27009,2019,3.9,22077,871,21206
Big Stone,27011,2019,4.2,2499,105,2394
Blue Earth,27013,2019,2.8,40852,1146,39706
Brown,27015,2019,3.7,14447,528,13919
Carlton,27017,2019,4.5,17987,811,17176
Carver,27019,2019,2.8,59624,1669,57955
Cass,27021,2019,5.6,14487,808,13679
Chippewa,27023,2019,3.9,6932,272,6660
Chisago,27025,2019,3.8,30417,1157,29260
Clay,27027,2019,3.1,36298,1118,35180
Clearwater,27029,2019,8.3,4493,374,4119
Cook,27031,2019,4.3,3136,136,3000
Cottonwood,27033,2019,3.7,5949,223,5726
Crow Wing,27035,2019,4.4,32432,1421,31011
Dakota,27037,2019,2.9,244385,7137,237248
Dodge,27039,2019,3.4,11950,409,11541
Douglas,27041,2019,3.2,21153,677,20476
Faribault,27043,2019,4.2,7062,296,6766
Fillmore,27045,2019,3.4,11580,388,11192
Freeborn,27047,2019,3.5,16183,564,15619
Goodhue,27049,2019,3.1,27138,840,26298
Grant,27051,2019,4.5,3328,149,3179
Hennepin,27053,2019,2.8,711926,20029,691897
Houston,27055,2019,3.2,10445,339,10106
Hubbard,27057,2019,5.4,10038,547,9491
Isanti,27059,2019,4.1,21706,884,20822
Itasca,27061,2019,6,22061,1323,20738
Jackson,27063,2019,3.5,5740,200,5540
Kanabec,27065,2019,5.9,9119,541,8578
Kandiyohi,27067,2019,3.6,24434,870,23564
Kittson,27069,2019,3.7,2383,88,2295
Koochiching,27071,2019,6.4,6013,384,5629
Lac qui Parle,27073,2019,3.8,3559,135,3424
Lake,27075,2019,3.7,5527,202,5325
Lake of the Woods,27077,2019,4.2,2460,104,2356
Le Sueur,27079,2019,4.5,16433,742,15691
Lincoln,27081,2019,3.8,3270,125,3145
Lyon,27083,2019,3.2,14589,471,14118
Mahnomen,27087,2019,4.8,2310,111,2199
Marshall,27089,2019,5.9,5433,322,5111
Martin,27091,2019,3.8,10104,386,9718
McLeod,27085,2019,3.7,19429,728,18701
Meeker,27093,2019,3.9,13416,524,12892
Mille Lacs,27095,2019,5.5,13047,713,12334
Morrison,27097,2019,5.2,17660,926,16734
Mower,27099,2019,3.1,20517,627,19890
Murray,27101,2019,4.3,4870,211,4659
Nicollet,27103,2019,2.6,21046,541,20505
Nobles,27105,2019,3,11271,339,10932
Norman,27107,2019,4.9,3270,159,3111
Olmsted,27109,2019,2.6,89628,2332,87296
Otter Tail,27111,2019,4.2,31572,1332,30240
Pennington,27113,2019,4.6,8752,403,8349
Pine,27115,2019,5.6,15135,842,14293
Pipestone,27117,2019,3.5,4938,174,4764
Polk,27119,2019,4,16778,672,16106
Pope,27121,2019,3.2,6559,207,6352
Ramsey,27123,2019,3,290485,8829,281656
Red Lake,27125,2019,5.3,2237,119,2118
Redwood,27127,2019,3.7,7644,286,7358
Renville,27129,2019,4.6,8679,397,8282
Rice,27131,2019,3.1,37405,1178,36227
Rock,27133,2019,2.3,5674,131,5543
Roseau,27135,2019,3.9,7879,309,7570
Saint Louis,27137,2019,4.1,102312,4145,98167
Scott,27139,2019,2.8,84698,2357,82341
Sherburne,27141,2019,3.5,53255,1886,51369
Sibley,27143,2019,3.9,8523,332,8191
Stearns,27145,2019,3.2,91140,2937,88203
Steele,27147,2019,3.2,21263,681,20582
Stevens,27149,2019,2.7,5474,149,5325
Swift,27151,2019,4.4,4925,217,4708
Todd,27153,2019,4.5,13617,606,13011
Traverse,27155,2019,3.7,1773,65,1708
Wabasha,27157,2019,3.4,12326,417,11909
Wadena,27159,2019,6.3,5966,373,5593
Waseca,27161,2019,3.9,9078,354,8724
Washington,27163,2019,2.9,145549,4154,141395
Watonwan,27165,2019,4.1,6544,268,6276
Wilkin,27167,2019,3.4,3531,121,3410
Winona,27169,2019,2.9,28758,839,27919
Wright,27171,2019,3.3,77030,2528,74502
Yellow Medicine,27173,2019,3.8,5382,207,5175
Minnesota,27000,2018,3.01,3075098,92433,2982665
Aitkin,27001,2018,5.8,7198,415,6783
Anoka,27003,2018,2.9,196929,5637,191292
Becker,27005,2018,3.7,18631,684,17947
Beltrami,27007,2018,4.2,24190,1021,23169
Benton,27009,2018,3.6,21866,784,21082
Big Stone,27011,2018,3.9,2505,98,2407
Blue Earth,27013,2018,2.6,40349,1044,39305
Brown,27015,2018,3.5,14495,502,13993
Carlton,27017,2018,4.2,17854,754,17100
Carver,27019,2018,2.5,58350,1477,56873
Cass,27021,2018,5.3,14308,758,13550
Chippewa,27023,2018,3.3,6888,226,6662
Chisago,27025,2018,3.5,29831,1030,28801
Clay,27027,2018,3,35695,1055,34640
Clearwater,27029,2018,8.3,4475,373,4102
Cook,27031,2018,3.5,3049,108,2941
Cottonwood,27033,2018,3.7,5812,214,5598
Crow Wing,27035,2018,4.1,32210,1309,30901
Dakota,27037,2018,2.6,240631,6308,234323
Dodge,27039,2018,3.1,11785,365,11420
Douglas,27041,2018,2.9,20628,600,20028
Faribault,27043,2018,3.6,6998,249,6749
Fillmore,27045,2018,3.2,11494,368,11126
Freeborn,27047,2018,3.3,16044,528,15516
Goodhue,27049,2018,2.8,26810,759,26051
Grant,27051,2018,4.1,3303,136,3167
Hennepin,27053,2018,2.6,703734,18105,685629
Houston,27055,2018,3,10406,308,10098
Hubbard,27057,2018,5.1,9889,506,9383
Isanti,27059,2018,3.8,21231,814,20417
Itasca,27061,2018,5.6,21823,1214,20609
Jackson,27063,2018,3,5720,172,5548
Kanabec,27065,2018,5.6,8957,504,8453
Kandiyohi,27067,2018,3,24758,750,24008
Kittson,27069,2018,3,2337,70,2267
Koochiching,27071,2018,6.3,5949,374,5575
Lac qui Parle,27073,2018,3.7,3524,132,3392
Lake,27075,2018,3.2,5483,178,5305
Lake of the Woods,27077,2018,3.9,2402,94,2308
Le Sueur,27079,2018,4.2,16095,683,15412
Lincoln,27081,2018,3.1,3264,101,3163
Lyon,27083,2018,2.9,14774,433,14341
Mahnomen,27087,2018,4.7,2326,110,2216
Marshall,27089,2018,6,5427,323,5104
Martin,27091,2018,3.2,10273,333,9940
McLeod,27085,2018,3.2,19544,629,18915
Meeker,27093,2018,3.6,13176,472,12704
Mille Lacs,27095,2018,5,12855,637,12218
Morrison,27097,2018,4.8,17568,848,16720
Mower,27099,2018,2.8,20409,569,19840
Murray,27101,2018,3.8,4884,187,4697
Nicollet,27103,2018,2.3,20806,474,20332
Nobles,27105,2018,2.7,11302,303,10999
Norman,27107,2018,4.4,3362,149,3213
Olmsted,27109,2018,2.4,87845,2081,85764
Otter Tail,27111,2018,3.7,31395,1165,30230
Pennington,27113,2018,4.3,8779,378,8401
Pine,27115,2018,5,14891,745,14146
Pipestone,27117,2018,3,4936,146,4790
Polk,27119,2018,3.8,16720,635,16085
Pope,27121,2018,2.7,6417,172,6245
Ramsey,27123,2018,2.8,288474,8002,280472
Red Lake,27125,2018,5.3,2230,118,2112
Redwood,27127,2018,3.7,7620,281,7339
Renville,27129,2018,4.1,8726,355,8371
Rice,27131,2018,2.9,36946,1054,35892
Rock,27133,2018,2.4,5702,135,5567
Roseau,27135,2018,3.5,7900,273,7627
Saint Louis,27137,2018,3.8,102051,3885,98166
Scott,27139,2018,2.6,83258,2143,81115
Sherburne,27141,2018,3.2,52223,1692,50531
Sibley,27143,2018,3.3,8518,277,8241
Stearns,27145,2018,3,90161,2733,87428
Steele,27147,2018,3.1,20489,625,19864
Stevens,27149,2018,2.4,5450,133,5317
Swift,27151,2018,3.7,5021,188,4833
Todd,27153,2018,4,13497,542,12955
Traverse,27155,2018,3.3,1777,59,1718
Wabasha,27157,2018,3.1,12227,373,11854
Wadena,27159,2018,5.4,5918,318,5600
Waseca,27161,2018,4.2,8986,376,8610
Washington,27163,2018,2.6,142780,3687,139093
Watonwan,27165,2018,3.6,6530,232,6298
Wilkin,27167,2018,3.1,3525,109,3416
Winona,27169,2018,2.7,28732,776,27956
Wright,27171,2018,3.1,75416,2306,73110
Yellow Medicine,27173,2018,3.1,5352,165,5187
Minnesota,27000,2017,3.49,3071011,107179,2963832
Aitkin,27001,2017,6.3,7210,453,6757
Anoka,27003,2017,3.4,196203,6635,189568
Becker,27005,2017,4.2,18650,786,17864
Beltrami,27007,2017,4.9,23766,1169,22597
Benton,27009,2017,4.1,21836,893,20943
Big Stone,27011,2017,4.5,2582,115,2467
Blue Earth,27013,2017,2.9,40207,1184,39023
Brown,27015,2017,3.7,14446,541,13905
Carlton,27017,2017,4.8,17776,851,16925
Carver,27019,2017,3,57678,1702,55976
Cass,27021,2017,6,14417,867,13550
Chippewa,27023,2017,4,6957,279,6678
Chisago,27025,2017,4,29617,1186,28431
Clay,27027,2017,3.2,35826,1164,34662
Clearwater,27029,2017,8.9,4625,410,4215
Cook,27031,2017,3.9,3122,121,3001
Cottonwood,27033,2017,5.3,5743,302,5441
Crow Wing,27035,2017,4.5,32366,1461,30905
Dakota,27037,2017,3.1,239126,7324,231802
Dodge,27039,2017,3.4,11753,400,11353
Douglas,27041,2017,3.2,20623,662,19961
Faribault,27043,2017,4.2,7173,303,6870
Fillmore,27045,2017,3.5,11465,406,11059
Freeborn,27047,2017,3.7,16220,598,15622
Goodhue,27049,2017,3.3,26970,878,26092
Grant,27051,2017,4.1,3296,136,3160
Hennepin,27053,2017,3.1,701697,21507,680190
Houston,27055,2017,3.5,10504,364,10140
Hubbard,27057,2017,5.7,9868,559,9309
Isanti,27059,2017,4.4,21097,918,20179
Itasca,27061,2017,7,21850,1538,20312
Jackson,27063,2017,3.7,5782,212,5570
Kanabec,27065,2017,6.1,9077,558,8519
Kandiyohi,27067,2017,3.3,24946,820,24126
Kittson,27069,2017,3.7,2377,89,2288
Koochiching,27071,2017,7.2,6003,431,5572
Lac qui Parle,27073,2017,3.5,3539,123,3416
Lake,27075,2017,3.9,5531,215,5316
Lake of the Woods,27077,2017,4.7,2395,113,2282
Le Sueur,27079,2017,4.7,15928,750,15178
Lincoln,27081,2017,3.2,3372,109,3263
Lyon,27083,2017,3.2,15034,485,14549
Mahnomen,27087,2017,5.1,2372,120,2252
Marshall,27089,2017,7,5503,385,5118
Martin,27091,2017,3.5,10459,365,10094
McLeod,27085,2017,3.8,19594,750,18844
Meeker,27093,2017,4.1,13303,543,12760
Mille Lacs,27095,2017,5.6,12789,718,12071
Morrison,27097,2017,5.4,17748,953,16795
Mower,27099,2017,2.8,20653,588,20065
Murray,27101,2017,4.4,4907,218,4689
Nicollet,27103,2017,2.6,20707,530,20177
Nobles,27105,2017,3.2,11392,365,11027
Norman,27107,2017,4.7,3412,162,3250
Olmsted,27109,2017,2.7,87102,2374,84728
Otter Tail,27111,2017,4,31683,1270,30413
Pennington,27113,2017,5.7,8837,504,8333
Pine,27115,2017,5.8,15058,867,14191
Pipestone,27117,2017,3.4,4880,164,4716
Polk,27119,2017,4.2,17072,724,16348
Pope,27121,2017,3.1,6388,198,6190
Ramsey,27123,2017,3.3,288172,9424,278748
Red Lake,27125,2017,6.7,2262,151,2111
Redwood,27127,2017,4.1,7712,318,7394
Renville,27129,2017,4.5,8920,398,8522
Rice,27131,2017,3.2,36695,1177,35518
Rock,27133,2017,2.1,5899,125,5774
Roseau,27135,2017,4.9,8178,402,7776
Saint Louis,27137,2017,4.7,103006,4802,98204
Scott,27139,2017,2.9,82507,2417,80090
Sherburne,27141,2017,3.8,51597,1942,49655
Sibley,27143,2017,3.6,8451,306,8145
Stearns,27145,2017,3.4,90470,3093,87377
Steele,27147,2017,3.4,20627,702,19925
Stevens,27149,2017,2.7,5531,148,5383
Swift,27151,2017,4.1,5072,210,4862
Todd,27153,2017,4,13561,540,13021
Traverse,27155,2017,3.6,1780,64,1716
Wabasha,27157,2017,3.4,12218,412,11806
Wadena,27159,2017,5.6,5859,329,5530
Waseca,27161,2017,3.9,9338,366,8972
Washington,27163,2017,3,141557,4290,137267
Watonwan,27165,2017,4.4,6530,285,6245
Wilkin,27167,2017,3.1,3568,112,3456
Winona,27169,2017,3.1,29101,914,28187
Wright,27171,2017,3.6,74512,2649,71863
Yellow Medicine,27173,2017,3.5,5376,188,5188
Minnesota,27000,2016,3.86,3023123,116772,2906351
Aitkin,27001,2016,7,7024,493,6531
Anoka,27003,2016,3.7,191787,7146,184641
Becker,27005,2016,4.6,18547,848,17699
Beltrami,27007,2016,5.2,23662,1235,22427
Benton,27009,2016,4.4,21764,961,20803
Big Stone,27011,2016,4.8,2702,130,2572
Blue Earth,27013,2016,3.2,39595,1270,38325
Brown,27015,2016,4.2,14512,608,13904
Carlton,27017,2016,5.3,17731,940,16791
Carver,27019,2016,3.3,56292,1856,54436
Cass,27021,2016,6.8,14150,967,13183
Chippewa,27023,2016,4.5,6963,315,6648
Chisago,27025,2016,4.3,29128,1259,27869
Clay,27027,2016,3.4,35591,1223,34368
Clearwater,27029,2016,9.6,4713,453,4260
Cook,27031,2016,4.6,3093,141,2952
Cottonwood,27033,2016,7.2,5530,396,5134
Crow Wing,27035,2016,5.1,31820,1622,30198
Dakota,27037,2016,3.4,234941,7963,226978
Dodge,27039,2016,3.7,11549,429,11120
Douglas,27041,2016,3.5,20218,705,19513
Faribault,27043,2016,4.4,7316,321,6995
Fillmore,27045,2016,4,11492,464,11028
Freeborn,27047,2016,3.8,16276,622,15654
Goodhue,27049,2016,3.7,26830,997,25833
Grant,27051,2016,4.7,3285,154,3131
Hennepin,27053,2016,3.3,685106,22808,662298
Houston,27055,2016,3.9,10593,414,10179
Hubbard,27057,2016,6.5,9790,636,9154
Isanti,27059,2016,4.7,20661,964,19697
Itasca,27061,2016,8.5,22014,1882,20132
Jackson,27063,2016,4.5,6094,275,5819
Kanabec,27065,2016,6.5,8987,585,8402
Kandiyohi,27067,2016,3.8,24175,919,23256
Kittson,27069,2016,4.6,2403,110,2293
Koochiching,27071,2016,8.5,6159,523,5636
Lac qui Parle,27073,2016,4.3,3617,155,3462
Lake,27075,2016,6.4,5414,345,5069
Lake of the Woods,27077,2016,4.8,2382,115,2267
Le Sueur,27079,2016,4.9,15550,760,14790
Lincoln,27081,2016,3.6,3380,123,3257
Lyon,27083,2016,3.6,15176,539,14637
Mahnomen,27087,2016,5.8,2388,138,2250
Marshall,27089,2016,7.3,5615,411,5204
Martin,27091,2016,4.1,10455,430,10025
McLeod,27085,2016,4.4,19765,872,18893
Meeker,27093,2016,4.5,13254,595,12659
Mille Lacs,27095,2016,6,12717,759,11958
Morrison,27097,2016,5.6,17856,1003,16853
Mower,27099,2016,3.2,20506,648,19858
Murray,27101,2016,4.7,4953,234,4719
Nicollet,27103,2016,2.8,20343,576,19767
Nobles,27105,2016,3.8,11450,432,11018
Norman,27107,2016,4.8,3439,164,3275
Olmsted,27109,2016,3,85163,2535,82628
Otter Tail,27111,2016,4.4,31275,1362,29913
Pennington,27113,2016,5.8,9039,521,8518
Pine,27115,2016,5.8,14830,867,13963
Pipestone,27117,2016,3.8,4899,187,4712
Polk,27119,2016,4.3,17136,744,16392
Pope,27121,2016,3.6,6299,224,6075
Ramsey,27123,2016,3.6,282227,10169,272058
Red Lake,27125,2016,7.3,2289,168,2121
Redwood,27127,2016,4.1,8315,341,7974
Renville,27129,2016,5.3,8411,442,7969
Rice,27131,2016,3.5,36083,1265,34818
Rock,27133,2016,2.3,5907,137,5770
Roseau,27135,2016,5.1,8244,422,7822
Saint Louis,27137,2016,5.7,102556,5868,96688
Scott,27139,2016,3.2,80660,2592,78068
Sherburne,27141,2016,4.1,50664,2061,48603
Sibley,27143,2016,4.3,8488,363,8125
Stearns,27145,2016,3.8,88889,3348,85541
Steele,27147,2016,3.6,21176,754,20422
Stevens,27149,2016,3,5647,169,5478
Swift,27151,2016,5.4,5045,272,4773
Todd,27153,2016,4.7,12900,608,12292
Traverse,27155,2016,3.9,1705,66,1639
Wabasha,27157,2016,3.7,12007,443,11564
Wadena,27159,2016,5.9,6246,371,5875
Waseca,27161,2016,4.3,9461,406,9055
Washington,27163,2016,3.3,138733,4629,134104
Watonwan,27165,2016,4.9,6573,320,6253
Wilkin,27167,2016,3.3,3718,121,3597
Winona,27169,2016,3.5,29250,1037,28213
Wright,27171,2016,3.9,73060,2817,70243
Yellow Medicine,27173,2016,3.8,5475,210,5265
Minnesota,27000,2015,3.78,3005417,113742,2891675
Aitkin,27001,2015,6.7,6893,461,6432
Anoka,27003,2015,3.7,190298,7031,183267
Becker,27005,2015,4.5,18445,824,17621
Beltrami,27007,2015,5,23565,1181,22384
Benton,27009,2015,4.5,21644,982,20662
Big Stone,27011,2015,4.5,2689,122,2567
Blue Earth,27013,2015,3,39466,1189,38277
Brown,27015,2015,4.2,14655,612,14043
Carlton,27017,2015,5,17617,885,16732
Carver,27019,2015,3.2,55301,1791,53510
Cass,27021,2015,6.8,14073,961,13112
Chippewa,27023,2015,4.5,6963,312,6651
Chisago,27025,2015,4.3,28805,1228,27577
Clay,27027,2015,3.2,35623,1129,34494
Clearwater,27029,2015,9.3,4644,430,4214
Cook,27031,2015,4.5,3162,142,3020
Cottonwood,27033,2015,4.9,5804,283,5521
Crow Wing,27035,2015,5.3,31582,1662,29920
Dakota,27037,2015,3.4,232810,7854,224956
Dodge,27039,2015,3.8,11480,437,11043
Douglas,27041,2015,3.5,20182,704,19478
Faribault,27043,2015,4.5,7521,336,7185
Fillmore,27045,2015,4.2,11432,476,10956
Freeborn,27047,2015,3.9,16383,632,15751
Goodhue,27049,2015,3.6,26942,968,25974
Grant,27051,2015,4.8,3355,161,3194
Hennepin,27053,2015,3.4,678387,22773,655614
Houston,27055,2015,3.9,10509,409,10100
Hubbard,27057,2015,6.3,9583,599,8984
Isanti,27059,2015,4.4,20248,890,19358
Itasca,27061,2015,6.6,22367,1483,20884
Jackson,27063,2015,4.1,6303,260,6043
Kanabec,27065,2015,6.7,8861,595,8266
Kandiyohi,27067,2015,3.8,24118,920,23198
Kittson,27069,2015,4.7,2479,117,2362
Koochiching,27071,2015,8.3,6276,521,5755
Lac qui Parle,27073,2015,4.2,3773,158,3615
Lake,27075,2015,4.9,5626,276,5350
Lake of the Woods,27077,2015,4.6,2429,111,2318
Le Sueur,27079,2015,4.9,15577,766,14811
Lincoln,27081,2015,3.6,3399,121,3278
Lyon,27083,2015,3.3,15319,503,14816
Mahnomen,27087,2015,5.9,2413,143,2270
Marshall,27089,2015,7,5761,406,5355
Martin,27091,2015,4.2,10473,435,10038
McLeod,27085,2015,4,20251,813,19438
Meeker,27093,2015,4.3,13373,573,12800
Mille Lacs,27095,2015,5.9,12650,749,11901
Morrison,27097,2015,5.5,17845,984,16861
Mower,27099,2015,3.3,20407,669,19738
Murray,27101,2015,4.5,5075,229,4846
Nicollet,27103,2015,2.7,20349,548,19801
Nobles,27105,2015,3.3,11552,378,11174
Norman,27107,2015,4.8,3450,164,3286
Olmsted,27109,2015,3,84080,2507,81573
Otter Tail,27111,2015,4.3,31194,1338,29856
Pennington,27113,2015,5.2,9102,476,8626
Pine,27115,2015,5.7,14825,842,13983
Pipestone,27117,2015,3.4,4988,170,4818
Polk,27119,2015,4.3,17208,742,16466
Pope,27121,2015,3.5,6403,227,6176
Ramsey,27123,2015,3.6,280242,10101,270141
Red Lake,27125,2015,6,2336,140,2196
Redwood,27127,2015,4,8288,331,7957
Renville,27129,2015,4.9,8615,423,8192
Rice,27131,2015,3.6,35507,1285,34222
Rock,27133,2015,2.2,5920,128,5792
Roseau,27135,2015,4.1,8623,350,8273
Saint Louis,27137,2015,5.1,102211,5193,97018
Scott,27139,2015,3.2,79335,2536,76799
Sherburne,27141,2015,4.1,49591,2030,47561
Sibley,27143,2015,4.2,8530,361,8169
Stearns,27145,2015,3.7,88340,3261,85079
Steele,27147,2015,3.4,21251,725,20526
Stevens,27149,2015,2.9,5721,164,5557
Swift,27151,2015,6.2,5186,319,4867
Todd,27153,2015,4.5,13040,583,12457
Traverse,27155,2015,4.2,1840,78,1762
Wabasha,27157,2015,3.9,12021,464,11557
Wadena,27159,2015,6,6346,383,5963
Waseca,27161,2015,4.2,9776,413,9363
Washington,27163,2015,3.2,137465,4442,133023
Watonwan,27165,2015,4.8,6268,300,5968
Wilkin,27167,2015,3.4,3698,125,3573
Winona,27169,2015,3.4,29540,1001,28539
Wright,27171,2015,3.8,72151,2708,69443
Yellow Medicine,27173,2015,3.8,5589,210,5379
